Providers/GDAL/TestData/ESRI/ASCII/BenNevis.asc
ncols         216
nrows         196
xllcorner     211409.15565365
yllcorner     768141.21566445
cellsize      50
NODATA_value  -9999
[rows 42 to 83 of 196, columns 0 to 93 of 216]
1 1 1 1 1 1 1 2 2 2 2 2 2 2 2 2 2 2 2 2 2 1 1 2 3 5 8 10 11 12 13 15 16 18 19 20 26 26 26 29 30 33 38 38 35 36 40 39 41 42 42 42 42 44 45 48 49 56 68 81 90 101 113 127 138 154 169 186 203 221 223 223 229 227 233 242 248 250 250 250 244 235 220 211 216 218 213 215 216 221 225 229 233 243
0 0 0 0 1 1 1 1 2 2 2 2 2 2 2 2 2 2 2 2 1 1 2 3 4 6 8 10 11 11 12 14 16 17 19 20 30 27 27 28 31 37 40 40 38 38 40 40 40 41 43 43 44 46 47 49 55 68 80 89 103 111 123 138 152 166 180 199 214 224 227 230 231 228 229 238 242 246 248 247 243 234 220 218 221 221 217 218 223 229 232 236 243 250
1 1 1 1 0 1 1 1 1 1 2 2 2 2 2 2 2 2 2 2 1 2 2 3 5 7 7 8 10 10 12 15 16 17 19 26 30 29 27 29 30 33 39 39 39 39 40 41 41 42 43 45 45 47 49 55 68 79 88 104 111 121 136 150 165 180 194 210 222 229 235 238 234 230 229 231 237 241 242 243 240 231 225 225 227 224 220 227 233 237 239 244 252 261
1 1 1 1 1 0 1 1 1 1 1 2 2 2 2 2 2 2 2 1 1 2 3 4 6 7 8 8 9 10 10 14 16 17 19 31 30 30 27 28 31 38 40 40 40 39 40 40 40 41 44 46 47 49 57 70 77 86 103 114 120 135 147 166 181 193 213 226 233 242 248 242 238 232 229 230 236 241 242 242 237 230 229 232 233 228 230 240 241 244 248 253 260 266
1 1 1 1 1 1 0 0 1 1 1 2 2 2 2 2 2 2 1 1 2 3 5 6 8 8 10 10 10 10 11 16 17 17 18 31 29 27 26 29 30 32 35 37 38 39 40 40 40 38 44 46 50 55 69 79 83 97 113 121 133 144 164 182 197 217 233 238 249 255 254 248 238 236 232 236 241 245 245 241 240 235 235 239 239 234 239 245 248 251 256 259 269 275
1 1 1 1 1 1 1 0 0 0 1 2 2 2 2 2 1 1 1 2 3 5 7 9 10 9 10 11 12 12 13 20 19 18 19 23 24 25 26 29 30 31 29 30 33 38 38 40 40 50 50 50 55 62 71 79 89 106 120 129 141 154 175 198 221 249 241 247 250 252 252 250 237 239 239 244 250 251 249 245 241 238 240 243 241 239 245 250 253 256 262 267 275 285
2 2 1 1 1 1 1 1 1 0 0 1 1 1 1 1 1 1 2 3 4 6 9 10 11 11 12 14 15 14 20 20 22 20 20 21 20 24 26 26 27 30 30 33 36 38 40 42 44 47 50 58 66 75 83 91 98 110 130 137 149 165 184 212 231 240 239 240 246 250 250 246 241 244 248 253 260 258 254 249 245 242 245 247 246 246 250 253 258 262 267 274 285 292
2 2 1 1 1 1 1 1 1 0 0 2 1 1 1 1 1 2 3 4 5 7 9 10 12 13 14 16 17 18 20 21 29 20 20 20 20 23 25 26 27 30 32 35 38 41 42 45 47 51 60 68 78 86 96 109 117 120 128 142 156 170 197 214 222 228 233 238 241 244 246 246 245 247 251 260 264 264 260 253 249 247 249 251 250 251 255 258 262 269 275 288 294 298
1 1 1 1 1 1 1 1 1 0 1 1 2 2 2 2 3 3 4 5 6 8 9 10 13 15 16 18 19 20 21 21 30 22 20 20 22 26 26 28 29 29 32 37 39 42 45 47 51 61 69 76 85 95 107 117 129 132 139 146 154 168 186 208 213 220 228 235 240 243 245 247 248 251 258 263 268 270 267 259 254 253 254 256 257 260 262 262 268 278 290 295 300 307
1 1 1 1 1 1 1 0 0 1 0 0 2 2 3 4 5 5 5 5 7 9 10 12 15 17 18 19 20 21 23 22 25 23 22 22 24 26 28 30 32 34 39 40 42 46 48 51 60 70 77 84 93 108 114 124 136 143 149 153 161 173 184 195 208 217 226 233 239 243 247 250 255 258 263 269 272 278 273 268 260 261 260 262 264 265 267 268 276 289 296 302 310 316
0 1 1 1 1 0 0 0 1 2 2 2 4 5 6 5 7 6 7 6 8 10 11 14 17 19 20 21 21 22 22 22 23 23 23 24 26 27 29 30 35 39 42 45 48 54 60 57 61 71 82 89 108 115 122 133 144 150 155 161 168 181 192 202 212 220 231 237 240 245 250 260 261 261 267 273 279 282 280 271 267 268 265 270 270 269 272 277 286 296 303 312 319 324
1 0 0 0 0 0 1 1 3 4 5 7 8 10 10 5 10 7 10 7 9 9 11 16 20 21 21 21 21 22 22 22 23 23 24 25 27 28 29 33 39 42 46 51 60 72 74 66 68 78 86 99 113 122 130 139 150 154 159 165 176 191 202 216 224 229 238 240 244 247 252 260 263 267 271 279 281 283 281 279 273 272 269 273 276 275 278 284 294 303 311 318 325 330
1 1 1 1 1 1 2 3 4 6 8 10 10 11 10 7 8 8 10 8 10 10 15 19 20 20 20 20 20 20 20 21 23 24 25 26 28 29 32 39 43 46 50 60 71 80 82 76 82 89 98 109 119 129 139 146 153 158 165 171 187 198 213 225 233 238 242 245 247 250 255 259 264 269 276 281 283 286 286 280 277 276 276 280 282 281 284 292 304 310 317 323 329 336
1 1 1 2 2 2 4 5 6 7 8 10 10 10 10 8 7 7 9 9 11 12 18 20 20 20 20 20 20 20 20 20 21 25 26 27 30 31 36 41 45 49 59 71 80 89 93 91 93 100 110 117 125 139 146 151 159 165 175 183 197 209 227 234 242 247 248 250 252 256 258 261 266 272 280 283 286 289 290 289 286 279 281 284 288 288 293 305 311 319 324 331 336 342
2 2 3 3 3 4 5 6 7 8 9 11 13 13 10 9 8 9 9 9 12 14 17 17 17 18 18 18 18 19 20 21 23 25 27 29 31 34 38 44 48 59 71 80 90 99 104 105 108 115 121 126 136 146 154 158 165 173 189 196 212 229 238 246 252 256 254 255 259 261 265 267 268 273 279 284 288 291 290 289 291 286 286 287 292 297 305 313 320 325 330 338 343 351
2 3 4 5 5 6 7 8 8 9 17 20 16 14 10 9 9 10 10 17 20 16 17 15 16 17 17 18 18 19 20 22 24 27 29 30 33 36 39 50 60 69 78 88 97 108 112 116 122 128 134 140 145 156 162 165 173 190 199 213 227 241 251 259 262 263 260 258 263 269 271 271 269 279 283 286 289 292 292 292 290 289 291 292 298 303 311 320 327 331 338 344 351 363
3 4 5 6 7 7 8 9 11 21 20 20 16 14 13 10 11 12 19 19 20 20 17 19 19 19 19 19 19 20 21 23 26 29 31 32 35 37 46 59 68 75 84 95 112 119 129 133 141 150 153 154 155 159 167 173 187 199 214 227 242 254 262 266 268 268 265 260 269 270 273 274 276 281 286 289 291 293 294 294 294 293 296 299 303 309 318 326 332 338 344 354 365 373
4 6 6 7 9 8 8 14 21 20 20 19 17 16 14 11 12 13 15 19 19 18 18 18 19 19 19 20 20 21 22 25 28 30 32 34 37 40 55 65 78 83 91 114 130 144 148 155 171 170 167 166 167 169 175 186 196 210 224 238 250 263 269 274 276 275 271 268 270 271 276 277 279 284 289 291 293 295 296 297 297 297 300 304 308 314 323 330 337 344 352 362 372 383
6 7 8 9 10 10 10 13 20 20 19 19 17 16 15 13 14 15 16 18 18 18 18 18 19 19 20 21 21 22 24 27 30 31 33 36 40 51 62 75 87 97 113 131 145 159 177 192 197 195 190 185 184 184 187 194 204 218 232 245 260 268 278 281 283 281 277 275 271 275 280 280 284 289 291 294 295 298 298 299 299 302 308 311 314 319 326 335 343 351 360 369 378 389
7 9 9 10 10 9 9 10 13 14 14 14 17 16 15 15 16 16 16 17 17 18 18 19 19 20 21 22 22 24 26 28 29 31 35 38 47 57 68 85 99 110 129 145 165 181 207 223 229 224 215 204 197 196 197 203 215 227 238 252 264 273 281 284 289 284 282 280 279 278 282 286 290 292 295 297 298 300 302 303 305 308 313 319 320 321 330 340 349 360 368 375 384 394
9 10 10 10 9 8 10 11 13 14 15 15 17 16 16 16 17 17 17 18 19 19 19 20 20 21 22 22 24 25 28 30 30 33 36 41 52 62 78 92 107 122 140 163 178 199 225 243 252 252 234 225 216 210 210 217 226 235 246 255 265 276 283 288 290 287 286 285 284 280 288 292 294 297 299 300 302 305 308 309 311 314 319 323 325 327 333 346 358 368 375 382 391 402
10 10 10 9 8 10 10 11 14 15 15 16 16 17 17 17 18 18 19 19 19 19 20 21 22 22 23 24 25 27 29 31 32 35 38 47 57 70 84 101 115 134 152 177 192 223 244 260 269 263 250 241 230 224 223 227 236 244 253 259 268 277 281 287 289 289 289 289 289 287 290 296 299 302 305 305 306 309 312 316 317 318 323 328 330 331 339 354 366 374 382 392 400 411
10 10 10 9 8 9 10 10 14 15 17 17 17 17 19 18 19 19 19 19 20 20 21 22 22 23 24 24 26 27 30 31 33 36 39 53 63 78 92 109 126 146 170 194 221 246 269 276 280 278 266 254 247 244 242 244 250 255 258 264 269 276 281 288 291 292 293 293 298 292 297 300 304 307 310 310 310 313 317 320 323 327 331 334 337 341 350 361 373 383 393 402 411 423
10 10 9 8 8 8 10 16 20 20 20 19 17 17 20 20 20 20 20 20 21 22 22 22 23 23 24 24 26 27 29 30 33 36 43 56 72 84 101 116 137 159 187 217 251 270 290 302 292 289 279 272 263 260 262 261 263 264 267 270 277 281 287 289 292 295 297 299 302 298 298 302 309 310 313 314 315 317 320 325 330 335 338 341 346 350 358 371 383 395 404 414 425 438
7 9 8 8 8 9 11 18 20 21 21 20 20 17 18 18 19 20 20 20 21 22 22 22 23 23 24 24 25 27 28 30 34 38 48 60 76 92 108 129 146 171 203 244 268 290 311 313 305 298 291 280 277 277 277 276 275 274 275 280 287 289 290 292 296 299 300 302 305 303 303 308 310 313 316 318 319 322 325 330 338 343 346 348 352 357 370 382 396 407 418 427 436 445
6 8 8 8 9 11 14 20 22 21 21 21 20 19 17 17 17 18 19 20 20 21 21 22 22 22 22 23 25 26 28 30 36 43 53 67 82 102 118 137 156 181 216 257 280 307 321 324 321 312 304 299 293 290 291 291 291 288 287 292 297 297 296 298 300 303 305 306 309 309 311 310 314 316 320 321 323 326 329 335 344 351 353 355 358 369 382 397 410 418 426 435 444 457
6 10 9 9 10 14 16 19 20 20 20 20 20 20 19 17 16 17 18 19 20 20 20 20 19 19 21 22 24 26 29 32 38 48 59 72 90 108 130 144 168 199 235 266 302 318 329 334 337 330 320 313 309 308 307 305 304 303 303 303 305 304 305 306 308 309 310 313 314 315 316 317 317 318 320 323 327 330 335 342 350 356 360 362 369 381 393 408 417 425 434 443 455 468
9 10 12 12 17 17 18 19 20 19 19 19 20 18 20 20 18 17 18 19 20 20 19 19 19 20 21 23 25 27 29 34 42 53 62 77 94 118 137 154 176 210 246 281 323 339 345 351 356 353 339 328 324 322 319 318 317 317 316 315 314 314 316 317 317 318 319 322 321 320 321 322 321 319 320 326 331 334 339 346 354 360 366 371 380 390 402 414 423 434 443 455 467 477
10 11 15 20 20 19 19 18 19 18 17 16 19 14 18 16 17 17 18 20 20 19 19 19 19 21 22 24 26 27 29 37 48 56 67 83 100 125 144 164 185 223 247 303 340 354 367 372 375 373 363 348 340 337 336 335 335 333 330 328 327 325 326 327 326 327 328 330 327 326 326 327 327 326 326 328 331 337 343 350 359 366 372 379 387 399 410 420 433 443 454 465 477 489
16 21 19 20 20 20 19 17 17 16 15 13 13 10 11 11 15 16 17 19 19 19 19 18 19 21 23 25 26 27 30 41 53 62 72 89 113 131 156 172 196 229 264 322 356 377 386 392 399 398 384 372 361 357 354 353 350 345 343 343 342 337 337 337 336 336 336 339 336 333 332 332 332 332 332 331 335 340 346 355 363 370 377 385 396 408 417 430 440 452 465 476 488 501
16 20 19 15 16 20 19 14 14 14 13 10 9 9 9 10 12 15 19 20 20 19 19 20 20 21 23 26 27 30 37 46 57 68 77 93 122 145 167 190 221 240 275 322 374 392 400 406 413 413 410 396 381 374 369 366 364 361 359 358 356 353 352 348 347 346 345 346 345 342 341 338 337 337 336 335 337 341 348 357 365 373 381 390 404 415 428 438 448 463 475 487 500 511
5 4 4 6 8 11 10 10 12 12 11 9 8 8 9 10 10 14 17 19 20 19 19 20 20 19 21 27 28 34 41 48 57 70 80 97 126 149 175 214 236 258 279 329 362 392 403 411 422 431 432 421 401 391 388 388 390 394 389 379 372 367 364 360 357 354 354 354 353 352 350 346 343 342 340 340 338 343 351 358 366 375 384 395 409 424 435 445 459 470 485 495 509 519
13 13 14 10 6 5 5 6 7 8 8 7 7 8 8 10 11 12 16 17 20 19 18 20 21 22 25 30 30 39 44 49 59 71 83 103 130 157 181 219 251 271 297 337 349 385 406 420 431 444 450 441 427 416 413 413 416 419 417 397 387 380 375 371 366 362 362 365 363 360 360 356 352 348 347 347 346 347 352 361 369 378 386 398 413 430 441 451 465 479 491 504 518 529
21 22 22 20 18 16 15 11 8 6 7 7 7 8 8 9 11 12 15 17 18 18 19 20 22 24 28 31 33 39 44 51 61 71 87 110 135 165 193 232 262 286 324 344 359 379 403 422 440 457 466 458 447 440 436 432 435 439 427 407 398 391 385 381 376 373 374 376 373 371 369 368 366 361 356 354 355 352 357 362 370 378 387 400 414 434 446 458 470 484 496 515 526 539
45 45 48 48 45 40 38 32 25 18 12 14 10 8 8 9 10 12 14 16 17 18 19 21 23 25 28 31 34 38 45 52 62 73 91 115 140 176 211 248 278 313 339 356 374 383 399 425 446 471 474 467 458 453 449 444 443 439 429 417 408 403 399 393 390 384 385 387 383 380 379 378 377 372 369 365 363 363 359 362 371 377 388 401 414 434 451 463 475 487 505 519 534 548
70 65 61 59 58 56 54 49 47 41 32 28 21 10 8 9 11 12 14 15 16 19 20 20 23 26 29 31 34 39 47 58 66 77 94 120 146 186 224 261 301 336 350 372 387 402 412 431 449 469 470 465 463 460 454 448 447 442 440 426 419 416 413 408 406 402 400 399 395 394 392 389 386 384 381 377 375 374 372 369 370 376 386 399 413 431 451 466 480 492 510 526 545 557
83 79 75 71 69 67 65 63 58 52 43 35 27 15 9 9 10 12 14 16 17 19 20 19 21 24 27 30 35 39 51 61 69 82 99 125 155 188 232 272 329 347 369 384 405 419 427 435 441 449 450 456 465 468 459 455 454 450 447 439 429 430 429 424 417 413 410 408 405 405 404 400 397 394 391 387 385 383 380 371 370 374 382 394 413 428 446 464 483 498 514 535 553 570
93 93 89 80 75 74 74 71 65 57 50 39 28 18 10 9 10 11 13 16 18 20 21 22 23 26 28 31 35 40 49 63 73 90 106 131 163 194 245 279 339 364 384 402 414 425 432 438 448 448 447 450 456 460 459 462 460 458 454 449 441 443 439 433 427 424 423 421 419 417 415 412 410 407 402 397 394 391 383 376 371 378 384 392 405 423 443 460 485 500 517 539 562 579
121 120 110 104 94 85 83 81 77 69 59 48 30 20 11 9 10 13 15 16 19 21 21 22 23 26 30 30 35 43 53 66 80 95 114 138 171 203 254 291 343 376 402 409 419 429 437 447 451 456 453 453 456 458 462 469 469 462 460 454 451 451 447 443 438 432 431 432 432 431 430 427 423 419 415 412 406 400 388 381 377 379 382 390 399 416 438 455 481 501 520 543 571 585
138 144 149 150 147 124 107 99 88 82 73 58 42 21 19 10 13 13 16 18 18 21 20 20 21 24 29 30 36 46 60 72 89 104 125 145 176 210 259 315 354 378 400 412 422 433 443 452 459 470 460 460 460 460 463 470 479 469 463 459 455 454 451 449 443 439 439 441 443 443 443 442 440 437 429 420 414 406 395 384 378 378 379 389 398 409 427 450 476 499 519 543 574 591
179 172 173 180 174 159 130 112 102 90 81 66 50 28 19 13 16 12 15 17 18 20 20 19 20 22 26 30 36 46 64 80 97 114 132 154 182 219 265 335 366 387 408 421 432 437 444 453 459 466 462 462 462 462 465 465 467 464 460 458 458 457 455 453 451 449 453 453 452 453 457 458 459 453 446 432 422 413 402 389 382 380 379 390 398 409 424 447 472 492 515 542 573 592
217 206 205 212 207 187 162 139 113 98 87 71 53 34 21 12 10 12 14 16 20 18 18 18 19 20 23 29 35 45 64 85 104 121 139 165 193 244 285 343 374 398 420 434 440 441 448 452 458 463 463 464 465 466 467 465 465 461 460 458 461 460 459 458 460 461 462 462 459 462 468 474 478 469 459 446 431 417 408 392 385 384 382 390 398 409 423 443 465 484 507 534 569 586
