Providers/GDAL/TestData/ESRI/ASCII/BenNevis.asc
ncols         216
nrows         196
xllcorner     211409.15565365
yllcorner     768141.21566445
cellsize      50
NODATA_value  -9999
[rows 0 to 41 of 196, columns 94 to 187 of 216]
100 100 108 113 117 122 129 130 132 133 135 137 138 139 140 141 142 141 140 140 141 142 142 141 139 139 139 140 142 144 145 147 149 150 152 151 152 152 152 155 155 155 154 153 150 147 149 146 151 149 141 139 138 137 137 138 137 139 139 137 138 140 149 151 150 151 151 151 151 150 149 145 145 144 141 139 139 140 138 135 135 137 140 140 134 130 130 130 133 135 136 136 136 135
100 102 111 114 118 121 125 130 131 133 135 137 139 140 140 141 142 140 139 138 139 140 141 139 138 136 135 137 139 141 142 144 146 150 150 149 150 149 150 153 154 152 151 151 150 146 146 140 149 141 138 138 138 137 138 139 140 140 143 146 150 150 150 154 153 153 153 153 152 151 150 148 150 149 148 148 148 149 147 147 146 145 144 142 140 137 133 133 134 135 136 136 137 136
104 108 111 113 117 120 124 127 129 132 135 137 138 140 141 141 141 140 139 138 137 137 138 137 135 133 132 134 136 138 139 141 143 145 146 147 148 148 150 151 152 147 144 141 150 143 142 139 138 136 137 138 138 140 140 140 142 147 150 151 152 152 153 157 156 155 155 154 154 153 150 151 153 154 155 156 158 159 158 156 151 149 150 144 143 140 139 135 134 135 137 137 137 136
109 109 110 111 115 118 120 125 128 131 135 138 138 139 140 141 141 140 139 137 135 134 135 135 133 130 129 131 133 135 136 137 140 142 142 144 145 145 144 148 151 149 135 133 137 138 139 136 135 135 137 139 139 140 140 141 144 150 150 151 152 153 156 159 159 157 156 156 155 155 153 154 158 159 160 160 161 161 161 160 156 153 151 149 144 142 141 140 137 137 138 138 138 137
113 111 110 111 114 116 120 124 128 132 137 139 138 140 140 140 140 139 137 135 133 131 133 132 131 129 126 129 131 132 132 132 134 137 136 140 141 138 132 128 122 118 121 126 128 128 130 135 135 134 136 139 139 139 140 141 145 146 148 149 152 155 159 161 161 159 158 157 156 156 155 157 160 161 161 161 161 160 160 159 150 150 149 146 144 142 140 140 138 139 139 139 139 139
116 114 114 112 114 118 120 125 130 136 140 140 138 140 141 139 138 136 134 132 131 128 131 131 127 122 122 121 119 122 128 128 124 125 126 128 117 115 118 117 120 124 135 135 137 140 140 135 136 135 137 140 141 141 141 144 146 147 147 149 151 156 160 162 162 161 159 158 158 158 157 158 160 161 162 162 161 160 156 149 148 147 146 147 144 140 139 140 140 140 140 140 141 140
119 115 115 110 113 119 120 125 132 139 141 140 136 141 140 137 136 134 132 130 127 125 126 120 117 113 116 115 116 120 124 123 119 114 111 111 113 120 125 139 140 152 155 152 147 143 140 137 139 137 138 140 143 144 145 147 148 149 149 150 154 157 161 163 163 163 161 159 159 159 159 159 161 162 162 162 161 160 157 150 150 149 148 147 146 145 142 142 143 143 143 142 142 141
120 115 110 109 110 116 122 126 133 140 139 134 131 135 136 135 133 132 130 126 123 121 120 110 108 106 107 108 112 120 120 119 110 113 118 127 133 136 124 125 140 140 139 138 140 142 139 143 140 139 146 144 146 148 148 150 152 152 151 154 156 160 163 164 165 165 164 161 161 161 161 161 163 163 163 163 160 159 157 152 151 150 149 148 148 147 148 146 147 147 146 145 144 143
116 110 99 102 108 117 122 124 131 132 128 128 129 128 132 132 129 127 120 117 116 110 101 101 101 103 104 106 109 110 110 115 122 133 145 150 141 129 134 140 139 134 137 140 140 144 151 150 145 150 149 148 150 152 153 157 159 158 156 157 159 161 165 166 167 167 167 165 165 164 163 163 164 165 164 163 161 160 159 154 150 149 149 150 149 149 151 150 150 150 149 147 146 145
106 101 98 101 105 110 115 119 122 122 122 123 126 128 130 130 118 110 107 109 103 95 94 97 98 100 103 107 110 118 124 132 134 140 140 137 141 131 134 139 138 137 140 143 146 150 151 150 149 150 150 153 158 159 160 164 167 167 166 166 166 170 170 169 170 170 170 169 169 167 166 165 166 166 165 164 162 161 160 155 149 150 151 151 151 152 153 152 152 151 151 149 148 147
100 98 97 100 103 107 110 113 116 116 117 119 122 122 120 112 107 105 103 100 96 97 98 99 100 102 106 109 116 126 130 132 134 138 138 137 138 134 135 137 138 139 142 147 151 151 150 148 150 152 157 160 164 166 168 171 178 178 178 178 180 182 180 181 180 179 178 176 175 173 169 167 168 167 167 166 160 160 159 156 150 151 153 154 154 154 155 154 154 153 152 150 149 148
91 94 95 98 100 102 103 105 111 112 112 112 114 109 108 106 102 101 100 98 98 100 100 101 103 108 110 109 112 119 129 131 134 134 138 137 137 136 138 138 141 144 147 150 153 154 151 155 155 158 162 166 170 171 175 180 184 188 189 189 191 192 193 195 194 193 190 188 184 181 180 176 170 169 169 169 163 160 159 157 154 155 156 157 157 157 157 157 156 155 153 151 150 149
90 92 92 92 95 97 97 98 99 101 103 103 103 104 104 102 99 99 98 99 99 100 103 104 106 107 108 110 113 118 124 130 135 136 139 137 139 140 141 145 148 151 152 155 156 157 160 161 158 161 166 170 174 177 180 185 189 192 195 197 199 204 212 211 207 202 199 197 191 188 184 182 180 174 172 170 166 163 160 158 157 158 159 160 160 160 160 159 159 159 156 154 150 149
91 92 89 86 88 93 94 94 95 95 95 94 95 97 95 88 91 97 98 100 103 104 106 108 115 119 119 110 114 118 125 129 138 139 140 141 143 145 149 152 154 157 159 160 160 159 161 161 160 164 169 173 178 180 186 190 192 197 200 203 206 209 211 210 210 207 204 201 199 191 187 184 181 178 173 171 169 166 164 160 161 162 162 163 163 163 163 162 162 161 160 158 155 153
91 88 82 80 82 86 90 91 91 91 90 88 87 85 83 90 94 97 99 101 108 107 109 118 125 130 131 126 124 130 135 142 143 144 144 146 149 152 155 158 160 163 166 164 160 159 160 163 164 168 172 177 181 185 190 192 195 199 201 203 205 206 210 210 208 204 200 198 193 189 184 181 178 177 175 170 169 168 167 165 166 167 166 166 167 167 167 167 165 163 161 160 159 160
80 79 77 76 77 77 80 83 89 87 86 86 86 86 88 92 97 100 101 107 119 119 122 130 131 133 134 132 134 137 141 147 149 149 150 154 158 160 162 165 169 171 171 169 165 162 165 166 168 171 176 180 183 188 191 193 197 200 202 203 205 206 207 207 205 203 200 196 192 187 181 180 179 178 178 177 174 171 170 171 171 171 170 170 170 171 171 171 168 166 165 165 165 167
72 74 74 73 74 74 73 79 83 84 84 85 87 91 99 101 105 108 106 108 115 123 126 130 134 136 137 137 139 141 148 151 154 155 159 163 166 168 170 176 180 179 175 171 168 167 168 169 170 174 179 182 185 187 190 193 196 198 200 202 203 204 204 204 203 201 199 193 190 188 185 182 183 181 182 181 181 179 176 175 176 176 174 174 174 174 174 174 172 169 169 171 173 173
71 72 73 73 74 74 73 78 81 84 85 86 92 101 105 110 113 117 120 119 122 131 128 130 139 139 140 143 145 147 151 155 158 159 165 170 172 175 180 181 181 180 177 175 171 172 172 173 174 177 180 184 187 188 190 193 197 198 200 200 200 201 201 201 200 199 198 195 191 190 189 187 188 187 188 187 186 185 182 181 181 181 179 178 178 178 178 177 179 176 177 177 179 180
74 74 75 74 75 75 73 76 85 87 89 91 100 107 112 117 119 124 129 132 135 143 143 139 141 149 147 148 150 153 156 160 164 169 173 178 177 180 183 183 182 179 178 177 177 177 177 178 182 181 180 187 189 189 191 195 197 197 198 198 199 200 200 200 199 200 199 199 198 195 193 193 193 194 194 193 192 191 189 190 189 186 184 184 184 184 181 179 181 182 187 186 187 192
79 79 79 80 83 87 97 100 92 100 102 106 109 114 120 126 128 131 139 141 140 149 151 140 148 154 155 156 157 161 165 170 173 178 181 183 183 186 186 185 183 180 178 181 183 183 184 189 193 189 190 194 200 196 199 199 199 200 200 198 199 200 201 202 201 201 201 201 203 199 199 199 199 201 201 199 197 197 196 198 199 196 191 192 192 191 188 186 187 189 193 195 199 205
91 96 102 102 102 103 106 105 100 102 107 113 117 125 131 132 133 137 140 147 147 152 155 151 149 161 162 163 166 172 177 180 181 184 185 188 190 191 190 187 185 184 183 187 189 191 193 196 198 200 202 206 208 206 205 205 205 206 207 206 205 205 206 206 205 205 205 206 206 205 205 208 207 207 209 208 205 204 202 205 206 205 203 201 199 197 196 193 193 194 199 203 210 215
98 103 108 109 108 108 110 111 111 110 115 119 125 130 135 136 137 140 146 151 150 157 159 156 158 163 166 169 179 184 186 186 187 189 189 192 194 194 190 189 188 188 191 195 197 201 203 205 208 211 215 217 218 218 219 220 220 219 218 217 216 213 212 212 212 212 211 211 212 213 216 217 217 218 219 217 215 213 211 214 217 217 211 211 208 204 202 200 200 201 208 215 224 231
111 114 116 117 118 118 118 118 122 124 130 132 135 139 140 141 144 146 150 157 159 161 163 162 167 172 179 189 192 194 193 193 194 196 200 199 198 197 195 192 191 196 200 204 209 212 217 222 226 231 231 232 232 232 232 232 233 234 231 228 226 226 225 224 223 222 221 221 222 223 225 225 225 226 226 225 224 223 222 225 226 224 221 218 216 212 208 208 210 210 218 226 234 241
127 129 132 134 138 136 135 136 136 138 139 141 144 146 148 150 152 153 158 162 165 166 168 167 177 187 199 206 209 207 205 203 202 203 207 206 204 202 201 200 202 206 212 218 223 231 241 248 254 255 256 256 256 255 254 253 252 252 251 250 244 242 240 238 237 235 233 233 233 233 233 234 235 236 236 235 235 234 233 236 234 232 229 226 223 221 222 223 224 224 229 238 246 254
142 149 148 143 144 144 144 143 143 144 145 147 150 152 155 158 161 163 167 170 177 176 178 177 189 200 210 218 218 217 215 213 209 208 212 212 212 212 211 213 218 224 231 238 248 258 264 270 274 274 273 272 273 273 274 275 276 275 274 271 265 263 265 263 259 253 249 249 249 249 247 244 246 247 246 247 247 247 246 247 244 241 240 240 235 236 237 239 239 238 243 249 256 264
150 153 152 149 147 150 149 148 148 149 151 154 157 159 164 167 171 177 183 191 196 199 193 187 200 211 226 230 232 231 224 218 215 216 218 218 218 220 224 231 237 244 255 272 279 287 300 301 301 299 295 298 303 306 306 305 309 310 309 306 302 295 287 283 280 277 272 269 267 264 262 259 261 262 262 260 259 259 256 256 257 251 249 252 253 253 254 253 249 251 256 257 264 271
152 155 155 151 151 156 157 155 155 156 160 170 173 176 180 185 190 195 203 213 220 221 206 196 212 226 234 240 243 244 238 229 222 223 224 227 233 240 246 254 259 270 281 292 303 318 317 313 314 314 318 322 328 332 334 336 337 336 339 340 324 322 319 315 307 302 298 296 293 291 287 282 280 281 281 278 273 271 268 267 266 262 258 261 263 265 265 262 260 268 266 266 272 282
155 157 158 157 159 162 163 163 164 168 176 183 190 193 195 199 209 221 235 248 251 228 212 212 225 238 248 253 253 252 247 239 229 230 243 257 265 272 274 275 279 288 301 315 328 333 328 324 327 332 342 352 358 361 364 366 368 371 371 370 364 353 349 348 335 328 323 321 316 311 309 302 295 295 293 291 289 286 283 280 278 273 270 269 268 273 274 268 279 285 280 280 287 299
158 160 161 161 164 166 168 169 173 181 194 207 215 220 225 231 241 260 269 262 250 216 222 230 247 258 263 264 263 264 260 255 253 253 261 270 285 294 301 305 307 312 321 333 341 339 338 342 346 363 374 379 382 386 395 400 405 408 408 404 399 397 394 387 375 363 352 348 344 339 328 321 318 319 315 312 308 305 300 294 290 285 283 283 284 285 287 286 295 301 296 298 313 339
160 162 165 167 171 175 176 178 185 200 218 231 242 251 259 263 269 280 270 249 231 234 244 266 280 282 280 279 279 279 277 275 273 268 274 286 297 309 315 322 326 329 339 344 347 347 350 359 374 384 396 411 420 424 426 430 440 447 449 452 463 466 451 436 416 393 387 384 383 380 364 348 341 340 337 334 329 325 321 316 303 304 309 309 313 324 322 317 320 329 332 336 346 356
164 166 170 179 187 191 191 192 201 215 230 247 257 270 274 277 280 283 261 238 241 252 279 303 304 302 301 299 298 296 293 290 288 286 288 295 310 323 333 338 341 343 348 357 360 364 370 378 392 413 432 441 449 458 466 476 488 502 501 502 516 517 495 485 464 445 438 438 428 415 384 370 362 361 359 356 350 345 343 340 337 337 340 342 350 351 345 340 336 346 355 366 376 385
169 170 180 190 200 199 198 204 212 226 244 256 263 270 276 280 283 277 254 246 260 285 305 317 318 318 316 314 314 309 303 301 299 300 304 313 325 334 342 350 355 362 367 371 375 380 388 404 424 440 462 475 486 496 506 516 528 534 539 545 552 552 542 532 528 520 496 481 459 435 413 395 390 387 384 382 381 377 371 367 360 362 364 367 376 380 368 351 346 375 383 388 396 410
174 180 190 202 208 207 211 215 225 239 253 261 267 271 278 283 284 268 258 263 287 313 332 342 341 340 340 338 328 315 311 313 315 319 324 330 336 345 352 361 370 377 380 383 387 394 412 427 449 476 493 514 530 541 551 559 565 575 582 587 592 593 588 580 576 567 558 534 494 466 450 433 425 421 418 418 421 425 420 417 415 393 390 396 415 410 397 382 366 386 394 402 417 429
183 192 201 210 215 218 226 236 240 249 265 274 276 280 286 285 279 265 267 292 316 337 352 360 364 360 351 341 333 328 329 330 333 335 338 344 351 360 365 373 383 390 390 393 400 419 431 452 476 499 528 549 565 575 580 592 607 619 622 621 618 613 603 593 587 578 569 559 543 515 502 491 467 464 463 465 472 484 487 481 456 441 427 436 450 439 427 401 381 391 408 422 429 442
196 201 208 217 225 239 251 248 263 283 294 293 299 298 292 283 274 273 295 315 335 356 366 382 388 376 361 348 341 341 344 347 349 352 355 360 370 375 377 386 395 400 403 408 423 435 457 477 499 526 552 573 587 604 620 638 658 654 636 626 615 606 595 587 584 579 573 568 563 560 554 547 543 546 531 511 526 536 525 509 491 473 463 473 472 458 444 428 402 397 423 433 445 454
205 210 216 227 239 255 266 273 292 306 307 316 319 308 296 281 281 297 314 328 358 372 388 399 400 384 371 364 360 359 360 364 368 370 372 374 378 383 391 397 407 413 417 426 440 457 478 500 524 549 570 583 604 622 639 654 662 651 638 625 614 604 592 587 586 581 579 577 575 576 577 576 573 573 568 563 566 568 553 535 519 498 491 494 493 487 471 450 432 417 428 449 463 468
212 217 227 238 251 263 276 292 308 314 320 330 328 312 296 284 296 314 327 359 380 395 406 413 406 393 381 375 374 376 378 381 383 385 386 385 388 394 400 410 416 422 430 449 461 474 496 521 542 563 581 598 609 622 634 649 656 654 643 626 613 602 594 589 589 589 589 586 587 588 590 592 592 591 589 588 586 584 581 572 551 540 527 517 507 501 491 469 445 420 438 465 479 487
215 225 239 249 259 271 285 301 313 320 326 330 328 309 297 294 312 327 357 380 392 406 420 420 418 404 394 389 390 392 394 396 399 400 401 402 402 408 414 421 427 433 445 457 467 485 504 521 539 557 580 591 599 614 627 643 654 656 647 631 616 601 597 594 593 595 597 597 598 599 600 603 604 605 604 602 599 596 592 587 580 572 549 530 516 513 504 477 450 427 446 479 491 504
224 237 246 256 267 278 294 310 320 332 338 340 326 305 298 306 320 345 368 384 397 409 420 429 427 421 409 402 405 410 412 412 412 412 411 412 416 419 426 432 437 446 455 462 473 492 506 519 533 550 565 576 590 605 620 633 645 650 644 625 612 601 599 601 599 602 604 607 608 609 612 616 619 619 619 616 613 608 600 595 589 578 561 538 527 522 506 479 452 438 453 484 503 517
231 241 251 260 271 285 296 310 322 332 338 330 318 298 299 310 325 347 364 377 396 411 424 438 435 427 419 419 422 426 430 431 429 425 425 427 430 434 437 441 449 458 465 472 484 497 511 524 539 553 567 578 591 608 619 628 632 631 625 618 607 606 606 605 605 609 612 616 620 624 628 632 634 633 633 631 625 619 608 599 593 583 567 544 534 529 511 483 452 445 464 492 513 531
232 242 252 260 275 285 294 309 319 328 330 325 307 299 308 317 331 341 356 373 392 408 429 444 444 438 434 434 436 438 441 444 448 447 443 441 442 444 447 455 461 469 478 487 495 509 520 533 546 560 574 584 594 606 616 625 626 622 619 617 612 612 613 611 612 616 620 625 630 635 639 643 645 646 645 643 637 627 615 604 593 578 566 550 540 531 507 484 455 465 485 504 530 546
237 245 254 260 275 285 292 305 317 321 318 316 307 309 321 330 337 340 354 370 388 405 429 444 454 457 448 447 449 451 455 462 462 459 456 454 454 458 463 467 472 485 497 503 511 521 532 542 556 568 578 589 600 609 618 626 629 628 623 622 621 619 620 620 624 629 631 636 641 647 652 657 660 659 658 652 644 632 620 609 598 588 573 557 542 523 507 488 467 486 502 521 539 552
