Providers/GDAL/TestData/ESRI/ASCII/BenNevis.asc
ncols         216
nrows         196
xllcorner     211409.15565365
yllcorner     768141.21566445
cellsize      50
NODATA_value  -9999
[rows 84 to 125 of 196, columns 0 to 93 of 216]
240 238 235 234 225 209 187 159 127 106 92 75 59 40 23 16 10 10 13 15 17 20 20 18 19 20 26 30 36 44 63 85 109 124 144 172 207 257 296 347 384 410 432 446 448 447 449 453 458 462 464 466 469 470 469 468 466 467 461 462 465 464 462 462 466 470 471 471 472 474 481 488 487 480 470 457 441 424 414 400 391 390 389 389 400 410 420 436 460 476 497 525 556 581
259 258 257 249 230 223 204 177 146 115 95 82 66 45 24 18 13 11 11 14 17 19 20 17 18 21 27 33 39 47 65 84 109 126 150 178 215 264 301 357 398 423 446 453 454 452 452 456 458 459 463 469 471 474 475 475 472 470 470 469 469 469 466 469 472 478 479 481 486 491 495 498 496 488 479 468 450 434 419 409 399 397 399 397 401 410 418 432 452 471 487 515 540 576
269 267 264 255 241 233 217 191 165 133 106 85 71 48 25 19 15 12 11 13 16 19 20 18 18 20 26 34 42 50 69 86 108 129 157 186 224 264 308 372 410 434 459 462 460 458 458 460 460 461 465 469 473 479 483 483 482 483 482 482 480 477 473 475 479 487 490 493 497 502 507 509 506 503 494 477 459 441 430 417 409 408 408 407 406 411 419 430 445 459 476 496 530 567
280 276 270 257 246 238 220 192 174 147 113 90 71 49 25 20 16 13 11 13 19 20 19 18 18 20 28 35 43 54 72 93 109 134 165 191 230 267 317 386 421 457 473 476 480 481 473 467 466 466 467 470 478 484 488 490 496 500 497 493 490 489 489 487 488 494 498 503 510 515 519 522 523 518 509 493 471 451 439 430 422 419 417 414 411 413 422 430 440 451 461 481 512 550
284 281 277 262 253 240 220 200 176 149 113 85 65 46 26 22 18 14 11 11 15 18 20 18 18 22 30 36 44 58 76 96 116 141 171 196 233 268 334 393 440 475 492 501 509 510 507 483 472 473 472 481 489 495 503 512 516 524 521 509 508 508 504 501 499 502 506 514 519 525 528 533 533 527 518 504 488 471 456 448 441 433 429 423 420 419 423 430 436 443 454 472 497 540
286 281 275 266 254 233 214 192 171 143 109 78 56 37 28 24 20 16 12 11 13 16 17 18 18 22 30 38 46 60 79 99 121 144 173 200 235 278 350 402 462 496 515 521 530 536 529 506 489 488 492 498 508 516 524 531 545 550 540 529 525 522 520 518 509 512 520 523 530 535 539 542 543 539 527 517 505 490 477 465 457 445 439 432 425 419 420 430 434 439 447 469 493 527
274 271 266 257 236 214 195 174 154 126 100 71 46 35 29 25 21 17 13 12 12 15 15 17 19 22 30 40 47 62 83 103 126 148 176 211 242 295 361 417 469 508 529 541 553 562 555 540 524 517 521 526 531 540 549 558 569 566 549 545 541 539 535 530 522 526 529 530 540 545 552 554 553 548 541 529 523 511 498 481 469 462 451 443 431 424 424 428 432 438 446 466 488 519
262 252 242 235 215 193 177 156 131 112 87 69 53 39 32 25 19 16 13 12 12 14 15 17 19 25 33 43 48 64 86 108 131 152 183 224 254 301 365 400 456 508 524 553 585 595 594 576 560 550 555 559 563 570 574 579 593 576 559 553 553 552 548 542 536 536 539 543 548 555 559 560 560 556 553 548 543 529 515 500 488 473 464 454 441 428 427 427 432 438 447 466 485 512
254 245 234 223 199 184 164 145 126 106 83 72 57 41 32 25 18 15 12 12 13 14 16 18 20 28 38 44 50 65 89 112 136 159 191 230 265 297 338 374 411 451 500 558 598 606 609 610 608 596 598 597 594 595 606 614 609 580 567 561 561 560 556 551 547 548 550 552 557 562 566 567 568 566 565 564 560 551 531 516 501 489 477 462 447 438 433 432 435 438 450 466 483 506
255 247 236 217 198 180 153 141 124 101 85 73 58 43 33 26 19 15 12 12 13 14 16 18 22 31 38 44 52 66 92 111 135 167 199 238 276 314 357 402 450 467 506 565 608 617 624 630 633 633 632 630 629 629 634 631 609 586 573 570 569 563 561 558 554 556 558 561 564 568 572 574 576 576 576 575 573 568 552 530 517 501 487 476 455 446 443 442 439 442 453 467 482 504
257 249 229 218 199 178 155 139 121 100 87 72 58 43 33 26 20 16 12 12 13 15 16 19 25 31 38 45 56 67 92 113 131 172 201 247 286 324 372 417 467 490 545 595 622 632 637 643 652 655 658 657 655 657 660 637 609 591 577 572 570 566 563 560 559 560 562 566 570 573 578 581 585 588 590 590 587 581 562 544 524 510 497 488 474 458 451 453 454 453 462 472 488 505
267 259 235 221 200 179 157 140 124 104 87 73 58 43 33 26 20 17 14 13 13 15 18 21 25 29 36 44 60 70 93 114 131 174 204 254 294 339 380 422 472 510 560 613 631 644 649 655 665 677 681 680 675 677 666 639 608 592 579 572 568 565 564 561 561 563 566 569 574 578 583 589 593 595 598 601 604 598 576 552 532 515 508 499 490 477 469 467 466 467 468 475 489 505
272 255 238 222 203 181 157 140 125 105 86 72 57 39 33 28 23 19 15 13 13 15 17 20 26 30 40 48 63 76 94 113 134 174 209 257 301 340 385 424 473 524 583 621 639 652 658 670 680 684 689 692 693 687 662 632 603 591 581 571 567 565 564 565 564 565 569 571 576 581 588 593 598 601 605 609 613 610 595 571 546 527 518 514 506 495 488 481 483 480 482 480 490 504
263 248 233 222 205 183 158 140 124 102 82 64 52 37 33 27 20 16 15 13 13 16 18 25 30 39 44 52 65 79 95 113 137 175 214 258 304 341 387 424 475 539 604 626 642 655 663 673 682 689 694 696 699 686 660 628 601 589 579 569 565 564 564 565 566 567 569 573 578 583 590 597 603 607 612 618 626 627 613 589 565 550 537 529 523 515 510 501 498 494 493 493 495 501
258 246 236 225 204 182 162 141 120 97 76 56 45 35 31 25 19 16 14 13 14 17 21 30 35 41 46 54 67 82 96 115 141 176 220 258 308 341 390 432 479 550 606 629 645 657 661 671 679 688 695 699 707 677 655 623 598 584 574 567 565 564 565 565 566 568 570 575 581 587 594 601 607 613 620 631 638 642 632 608 584 570 558 546 540 536 525 519 513 511 507 506 504 507
254 243 232 223 196 174 153 138 114 91 68 54 40 33 28 22 18 16 14 13 14 18 24 31 37 42 48 57 69 85 100 120 145 179 224 257 309 346 393 446 484 552 599 628 643 652 658 669 678 689 699 710 703 672 649 616 593 577 570 565 564 564 565 566 567 569 572 578 584 591 598 604 611 620 631 641 652 656 655 634 604 598 583 569 556 551 546 537 530 525 523 520 519 515
243 230 220 199 182 163 147 128 105 86 64 52 36 31 25 19 17 15 14 14 16 19 23 31 37 44 52 61 74 88 105 126 150 182 223 257 308 354 395 442 487 545 584 621 636 648 660 669 681 693 702 705 695 666 639 610 583 572 567 564 564 564 565 566 568 570 575 580 587 593 600 608 617 629 640 650 661 668 672 659 634 614 599 587 576 569 564 563 557 550 544 540 535 531
229 219 195 186 168 156 143 122 96 80 63 45 34 28 21 18 16 15 14 14 17 20 26 32 38 47 57 65 78 92 109 131 153 183 222 257 302 342 387 421 477 532 563 591 623 641 658 670 680 698 704 700 688 658 626 601 578 570 565 564 564 564 565 566 568 571 577 582 589 595 602 612 624 636 647 659 671 678 685 679 661 633 619 608 603 599 593 589 586 578 571 559 547 543
224 204 182 166 155 148 134 114 92 72 60 40 32 25 20 17 15 14 14 15 17 21 29 36 41 49 59 68 83 96 116 134 151 181 218 256 287 314 352 390 446 488 521 547 604 637 656 668 679 695 700 693 675 645 616 592 575 569 565 564 564 564 565 567 569 572 578 585 592 599 609 619 631 642 654 669 679 694 706 709 701 670 641 634 632 632 630 626 616 605 593 583 572 561
220 199 175 155 145 135 124 101 84 63 51 38 31 24 19 17 15 14 14 15 17 21 31 38 44 51 63 73 87 99 116 135 151 179 215 251 280 314 358 394 421 460 498 549 597 637 656 668 679 689 691 682 663 629 605 585 573 567 564 564 564 564 565 567 569 573 579 588 596 603 614 625 640 649 663 677 693 710 725 735 734 717 686 673 668 669 669 662 655 641 626 612 595 586
216 196 172 150 140 125 110 92 76 58 49 37 31 22 18 16 15 15 15 16 17 21 33 41 46 53 65 77 88 102 116 134 151 175 209 246 277 314 360 407 444 479 537 574 605 636 657 667 676 683 684 672 648 621 599 582 572 566 564 564 564 564 564 566 569 575 583 593 600 607 618 630 646 657 672 689 705 722 739 749 780 772 736 717 723 706 692 686 678 672 653 635 625 614
210 196 173 149 137 121 101 86 71 62 50 35 29 20 18 16 15 15 15 16 17 21 31 41 46 52 65 78 89 103 116 133 151 173 203 241 274 311 357 400 429 482 538 576 608 631 651 663 671 677 672 657 638 619 597 582 572 566 564 564 564 564 565 567 571 578 588 596 603 611 621 642 655 667 683 700 718 735 752 784 795 805 792 772 750 743 739 732 706 697 693 678 651 635
207 193 175 155 140 126 107 88 80 64 43 31 25 20 18 16 15 15 15 16 17 24 39 43 45 50 62 78 89 100 116 130 149 169 195 230 270 302 335 382 413 455 495 568 596 623 636 654 660 669 666 654 636 619 598 585 574 566 564 564 564 565 566 568 574 583 591 599 610 620 632 647 660 676 693 713 730 747 781 794 817 827 821 811 837 829 819 820 809 787 753 734 709 678
200 192 180 167 155 137 118 100 83 70 47 35 27 22 19 18 16 15 15 15 16 20 31 40 43 50 59 74 88 98 112 127 143 164 186 224 260 289 322 351 398 430 479 547 580 602 617 623 645 669 672 656 639 621 602 590 577 567 564 564 564 565 567 571 579 587 594 602 613 624 636 649 667 685 705 726 743 774 793 813 834 857 871 903 909 918 915 903 889 866 843 820 787 754
198 194 187 178 167 149 133 111 90 75 54 40 31 25 20 18 17 16 15 15 15 18 24 32 39 47 55 69 82 98 110 122 137 159 178 214 246 277 307 330 379 406 454 515 547 561 569 593 634 670 679 664 649 628 609 593 581 569 564 564 564 565 569 576 584 591 597 605 615 626 643 657 676 695 721 738 761 790 809 832 855 878 905 926 948 973 997 1001 980 976 942 904 867 826
206 200 196 195 182 166 147 126 103 80 63 45 37 30 22 19 17 16 16 16 16 16 19 29 34 40 50 58 75 94 106 115 134 155 173 196 227 265 288 321 348 392 435 493 510 521 550 609 645 667 680 669 653 634 619 601 585 572 564 564 564 567 572 580 588 597 603 610 620 633 653 669 687 710 731 749 784 804 826 850 875 904 928 950 976 1009 1025 1048 1062 1036 991 951 905 867
221 216 207 208 197 176 157 133 112 86 67 50 41 33 25 19 18 17 16 16 16 16 16 17 22 34 40 50 62 83 98 110 129 151 166 182 214 242 274 301 332 376 414 453 473 492 573 610 642 660 669 662 648 637 625 607 590 573 565 564 565 569 575 583 592 601 609 620 629 647 660 677 698 724 742 773 796 823 843 872 900 929 949 975 1006 1034 1057 1078 1075 1040 964 921 877 842
231 225 220 216 204 184 163 136 111 87 68 55 44 34 26 20 19 18 17 17 16 16 16 16 16 22 33 39 49 70 87 101 120 137 158 173 195 226 252 280 320 363 396 421 448 511 565 608 630 656 657 654 642 634 624 608 590 573 565 565 566 570 577 585 594 602 614 627 639 655 673 689 714 732 757 789 815 835 863 891 926 947 972 1004 1042 1064 1085 1095 1102 1041 976 932 895 859
229 229 230 220 207 185 166 141 112 91 73 58 47 39 31 24 19 18 18 17 17 16 16 17 17 18 20 28 42 57 76 93 107 125 148 168 179 216 237 273 305 338 376 404 460 510 560 605 624 648 654 651 638 632 622 607 588 572 565 566 568 572 578 586 594 604 618 634 649 664 680 700 723 743 779 797 826 850 885 921 943 970 996 1042 1067 1088 1099 1101 1092 1051 1035 1036 986 941
233 241 239 228 209 194 175 159 125 107 83 64 50 44 37 29 22 19 18 18 17 17 17 17 17 17 17 21 37 48 66 85 98 115 133 160 174 198 226 259 290 318 362 410 452 499 547 566 617 633 645 641 637 632 622 604 587 571 565 567 570 573 578 584 594 606 622 638 651 672 687 711 731 759 789 806 836 868 904 928 965 988 1030 1064 1088 1100 1122 1125 1122 1104 1100 1081 1044 1008
248 249 250 241 225 210 192 177 160 123 101 76 60 51 44 36 27 21 19 18 18 17 17 17 17 17 18 22 32 45 58 76 92 107 122 147 168 186 221 243 278 310 354 395 431 476 513 547 600 619 623 628 630 631 621 600 586 570 565 569 571 574 578 581 596 608 626 639 659 676 699 722 742 778 794 818 850 884 918 950 978 1010 1048 1079 1098 1123 1139 1154 1166 1168 1167 1137 1075 1047
262 262 260 256 246 229 215 188 173 144 113 91 73 60 49 43 34 26 21 19 18 18 17 17 17 17 17 19 28 40 49 64 82 98 117 136 158 175 210 230 272 303 329 366 407 439 478 520 548 576 582 600 618 620 611 593 580 565 560 564 567 568 573 580 596 609 629 643 665 683 712 730 756 789 801 832 858 892 926 962 996 1024 1063 1090 1114 1149 1166 1178 1189 1198 1198 1171 1112 1092
277 272 271 271 270 248 232 202 174 152 118 100 81 70 56 48 41 31 24 20 19 18 17 17 17 17 17 18 25 35 44 53 70 89 107 128 148 165 187 222 250 279 315 340 376 408 450 485 519 537 536 565 592 598 593 584 574 558 560 560 558 556 564 577 594 610 631 648 670 692 722 739 782 795 827 851 876 914 939 974 1008 1040 1074 1102 1134 1161 1180 1188 1199 1209 1211 1177 1144 1119
289 283 277 271 261 248 230 208 175 155 128 111 94 77 62 51 44 36 28 22 19 18 18 18 18 18 18 18 23 32 40 46 59 75 95 116 135 154 171 201 226 263 286 322 348 383 418 445 485 489 511 535 564 579 580 572 564 550 543 538 530 527 536 570 588 610 635 655 675 704 727 752 790 816 845 870 903 925 964 987 1024 1058 1084 1115 1145 1168 1183 1193 1201 1209 1189 1150 1107 1076
296 290 281 270 264 252 229 210 180 161 143 123 107 92 67 54 46 39 31 24 19 18 18 18 18 18 18 18 21 30 36 42 48 65 83 100 121 138 160 176 208 232 270 294 323 360 388 420 439 449 479 515 534 553 559 560 553 531 521 504 494 499 524 544 576 610 637 663 681 715 734 773 796 827 857 889 918 947 976 1017 1048 1070 1098 1123 1150 1168 1183 1193 1201 1207 1175 1140 1108 1079
296 289 288 288 297 277 242 216 190 168 155 127 113 101 73 57 47 41 33 26 21 19 18 18 18 18 18 18 19 25 32 38 45 55 70 90 104 124 144 165 181 215 246 274 302 328 360 383 398 427 460 479 506 521 530 531 520 507 492 481 490 499 526 548 572 600 638 665 692 723 745 785 806 836 868 902 926 962 991 1028 1058 1079 1105 1131 1153 1169 1182 1192 1201 1206 1197 1173 1137 1125
296 291 302 317 311 307 259 223 193 183 167 148 123 103 80 63 48 42 35 28 23 20 19 19 19 19 18 18 18 21 27 34 42 51 61 79 92 105 127 147 170 189 224 256 280 307 334 353 375 407 427 456 471 492 505 500 487 475 470 464 481 517 536 565 585 605 634 663 708 727 758 789 813 844 874 912 932 971 1000 1032 1065 1085 1107 1135 1154 1169 1182 1190 1199 1208 1212 1208 1175 1135
300 314 324 326 322 311 270 237 219 207 180 158 135 114 86 66 50 43 37 29 25 21 19 19 20 20 19 18 18 20 24 29 36 44 55 68 84 95 113 132 151 174 199 228 263 284 304 328 352 378 409 423 432 452 463 466 460 449 442 448 487 522 549 575 608 627 650 668 702 732 761 790 816 850 878 915 940 973 1001 1032 1066 1086 1106 1130 1154 1167 1181 1188 1195 1204 1212 1204 1160 1112
323 327 337 341 338 325 278 260 240 219 192 165 138 120 90 71 54 45 40 29 26 23 20 20 21 21 20 19 19 20 20 26 32 38 47 61 74 90 100 120 139 158 177 205 235 263 281 298 323 341 361 388 402 424 433 434 429 424 434 463 497 527 556 585 626 649 670 690 701 727 756 791 817 854 880 918 944 972 1000 1028 1062 1078 1102 1121 1148 1162 1172 1183 1191 1199 1206 1199 1143 1085
337 333 344 350 345 323 289 271 244 222 197 172 145 122 95 75 56 46 39 29 27 25 22 22 22 22 21 20 19 19 20 24 29 34 41 52 68 83 94 109 126 143 168 182 210 235 259 276 291 310 326 351 373 394 403 405 398 406 436 474 509 539 568 607 640 666 685 708 727 745 780 794 819 852 875 916 942 971 997 1026 1054 1074 1097 1117 1139 1153 1163 1172 1188 1187 1199 1190 1145 1110
349 350 357 358 353 320 307 289 268 233 208 181 163 136 110 79 59 48 37 29 27 26 25 24 24 23 22 21 20 19 20 22 27 32 39 47 61 77 89 99 115 133 151 174 189 215 229 250 261 273 290 316 337 357 365 370 383 417 455 486 520 550 580 625 657 677 703 722 741 776 793 804 827 844 876 917 942 970 993 1024 1047 1069 1087 1112 1128 1143 1157 1166 1179 1190 1150 1132 1100 1069
357 370 376 369 351 336 331 316 287 258 224 196 172 154 121 91 69 52 40 30 28 27 27 26 25 25 24 23 20 19 19 20 25 30 38 44 53 73 84 94 106 124 139 161 176 192 203 226 242 258 278 295 318 334 347 373 399 429 471 507 531 566 603 643 669 690 713 734 754 787 806 822 843 864 894 923 946 972 989 1026 1044 1065 1082 1106 1119 1136 1148 1163 1175 1188 1167 1122 1075 1037
