Providers/GDAL/TestData/ESRI/ASCII/BenNevis.asc
ncols         216
nrows         196
xllcorner     211409.15565365
yllcorner     768141.21566445
cellsize      50
NODATA_value  -9999
[rows 126 to 167 of 196, columns 0 to 93 of 216]
360 384 375 359 349 353 349 329 310 276 238 209 178 160 127 96 73 57 44 34 30 29 30 28 27 27 26 25 22 20 19 19 22 29 36 43 49 63 78 89 100 115 134 148 169 177 202 224 256 276 295 313 328 345 375 389 419 443 483 514 553 578 621 656 675 704 724 743 777 794 813 833 849 879 911 930 958 976 1003 1033 1052 1071 1091 1101 1119 1136 1149 1166 1179 1194 1198 1145 1080 1046
368 389 368 355 359 364 357 345 324 294 254 221 188 167 130 98 80 64 51 38 34 33 34 30 29 29 29 28 25 23 21 20 21 27 33 41 47 58 71 83 97 108 130 146 161 175 195 216 241 277 294 322 346 377 394 414 436 473 497 525 561 593 627 661 683 713 733 757 789 799 821 843 869 898 919 942 967 987 1022 1044 1063 1082 1096 1110 1129 1141 1156 1172 1183 1193 1198 1198 1113 1069
372 376 362 363 374 377 378 372 346 306 266 228 202 175 143 114 85 68 53 41 38 39 40 38 31 31 31 30 28 26 24 22 20 23 30 38 45 53 64 76 89 99 120 138 153 169 184 208 226 268 289 311 342 380 408 431 462 490 516 532 564 587 626 661 687 717 740 779 792 808 829 854 876 904 924 951 973 998 1029 1053 1072 1091 1105 1121 1135 1152 1161 1174 1187 1199 1208 1211 1147 1090
380 380 374 385 400 402 400 391 369 323 283 241 215 185 160 124 97 72 55 47 43 42 41 39 35 34 33 32 30 28 27 24 21 23 29 35 41 47 57 67 82 94 111 126 140 157 175 197 220 241 278 297 331 374 398 434 469 488 503 517 545 577 615 648 678 711 736 784 797 816 841 864 884 907 928 956 977 1012 1036 1061 1077 1096 1115 1132 1142 1157 1167 1179 1198 1210 1216 1219 1204 1196
391 387 395 413 419 418 411 402 375 338 301 269 226 200 170 133 107 87 67 52 47 44 42 40 38 36 35 34 32 31 30 27 22 22 27 31 37 42 50 61 72 88 105 115 128 143 166 182 210 229 264 285 313 347 385 417 443 469 481 489 514 561 593 635 667 692 725 756 797 820 843 870 891 913 932 958 979 1018 1041 1065 1082 1103 1125 1137 1151 1166 1180 1192 1210 1216 1222 1225 1229 1238
389 398 420 431 438 434 426 417 387 360 325 294 249 212 182 153 116 98 77 64 53 47 44 41 39 37 37 36 34 33 32 30 23 21 25 28 31 37 44 52 64 82 98 107 116 133 151 173 198 223 245 274 293 327 362 397 416 430 448 474 498 540 577 618 648 677 714 743 790 816 837 870 893 914 931 957 977 1019 1042 1067 1088 1112 1131 1145 1157 1173 1189 1199 1208 1215 1222 1227 1237 1246
397 418 434 450 453 450 441 424 400 374 333 308 266 224 193 160 124 104 85 73 62 49 47 47 45 41 40 39 37 35 33 31 25 21 23 26 28 32 39 47 58 72 89 98 105 124 143 166 182 214 231 257 279 302 332 355 377 398 431 469 493 533 567 606 641 677 714 744 783 797 833 866 884 905 928 950 974 1002 1035 1067 1093 1116 1134 1154 1163 1179 1193 1202 1208 1217 1226 1234 1244 1250
413 431 445 455 455 453 446 429 409 383 348 316 282 237 207 170 138 113 94 78 66 58 51 54 53 47 46 44 40 37 35 32 29 23 22 24 26 29 34 42 52 65 75 86 99 118 136 156 175 200 220 237 265 285 307 333 367 398 442 470 508 548 577 610 643 675 702 726 761 794 833 856 869 885 916 935 960 985 1018 1049 1080 1104 1126 1158 1158 1170 1190 1200 1210 1222 1232 1244 1252 1258
427 441 451 459 467 460 449 435 414 388 357 325 297 259 220 181 151 125 105 86 72 61 61 65 65 61 57 54 49 39 37 34 31 28 23 22 24 28 33 39 47 59 70 82 95 114 131 148 170 184 206 224 242 273 293 322 357 396 433 468 506 543 572 602 630 657 677 708 744 789 803 814 830 854 887 915 928 956 980 1011 1053 1076 1092 1106 1107 1121 1171 1200 1216 1227 1234 1243 1250 1258
438 453 460 461 460 454 441 429 409 390 362 332 305 273 230 201 160 131 114 95 81 71 74 77 81 83 76 67 57 47 40 37 32 29 25 22 22 26 30 37 45 56 70 80 90 105 125 141 159 173 190 211 227 252 280 306 336 382 418 455 492 529 555 580 614 630 655 687 724 749 749 786 808 835 868 882 901 919 954 981 1008 1012 1034 1054 1078 1112 1168 1201 1220 1226 1232 1239 1243 1249
443 450 449 449 449 441 429 417 396 384 364 332 308 276 250 212 173 142 124 111 91 86 87 88 94 93 84 77 67 57 49 42 36 30 26 24 23 25 28 36 46 55 65 76 85 101 118 132 146 163 174 194 216 235 270 293 321 367 395 430 470 500 526 553 579 601 639 677 708 700 716 750 788 821 836 854 866 886 912 935 954 964 990 1026 1069 1107 1166 1201 1216 1224 1227 1232 1232 1233
432 442 448 449 450 447 433 411 390 377 358 334 304 283 261 223 189 164 139 124 108 100 98 98 100 101 93 85 77 66 56 50 37 34 28 26 23 23 27 35 44 52 63 73 80 90 107 123 137 149 165 177 200 222 252 279 307 335 377 408 437 471 495 526 562 601 627 648 659 659 693 736 788 795 804 817 831 868 876 897 917 939 983 1032 1072 1108 1163 1190 1206 1213 1220 1222 1221 1218
447 452 454 459 468 470 448 412 385 372 359 339 314 297 276 249 212 182 158 140 122 116 121 122 117 109 102 92 82 74 59 53 46 41 34 28 25 23 26 31 40 49 58 66 72 83 97 115 131 140 156 168 185 207 232 269 291 322 358 386 413 452 489 525 559 581 604 609 601 654 706 729 748 763 770 786 807 828 844 873 910 954 1005 1038 1073 1106 1145 1177 1189 1197 1202 1203 1202 1195
454 460 467 477 482 482 466 423 384 368 358 347 329 316 293 274 232 205 177 153 141 136 136 134 129 119 110 103 90 81 71 60 54 48 40 31 26 23 23 28 30 40 52 59 65 71 88 105 123 134 144 162 175 194 222 250 279 299 334 374 408 435 476 513 543 563 572 562 585 643 679 702 716 724 726 762 789 802 832 868 912 943 984 1021 1058 1088 1122 1149 1170 1174 1175 1174 1173 1171
466 476 491 494 498 492 465 433 398 372 362 356 351 336 321 290 258 221 200 178 165 166 160 154 148 134 123 113 105 94 84 71 61 54 48 40 29 25 24 26 27 30 41 52 58 66 79 95 110 124 135 149 167 185 208 234 268 287 322 355 385 425 458 493 517 513 495 540 574 603 634 660 676 681 713 725 777 793 827 858 892 926 957 992 1031 1074 1103 1123 1131 1137 1139 1138 1131 1120
480 493 498 509 511 493 466 435 417 393 372 368 367 364 343 315 284 240 216 202 191 186 183 176 166 156 140 129 123 113 102 87 74 61 53 46 34 26 24 25 26 29 34 45 53 61 75 87 101 111 125 139 158 175 196 224 246 275 303 330 372 405 435 465 469 462 468 514 550 575 588 592 637 674 707 726 760 793 821 844 877 904 938 975 1005 1058 1081 1097 1106 1108 1106 1101 1090 1081
492 501 520 526 510 491 469 438 425 405 389 378 377 370 357 325 299 271 236 221 210 205 205 201 189 172 158 145 134 124 112 101 84 73 60 51 41 30 24 24 25 27 29 40 47 56 71 80 91 102 114 129 145 166 185 212 236 263 285 320 346 379 414 425 415 444 473 500 530 559 596 616 662 696 720 739 770 793 813 835 868 889 923 974 999 1041 1062 1071 1071 1069 1066 1063 1058 1054
503 520 523 521 514 498 465 442 427 413 395 389 394 402 384 349 322 290 266 252 227 217 216 216 201 189 169 157 144 130 117 108 94 80 68 58 51 35 26 25 25 26 28 29 42 51 61 72 84 95 106 123 136 158 174 204 226 245 274 299 327 355 376 394 419 455 497 543 567 587 634 664 694 723 742 776 789 795 816 829 857 882 919 967 1005 1038 1048 1051 1053 1053 1047 1040 1031 1021
513 515 514 516 510 485 465 443 428 413 403 404 407 412 409 387 346 315 283 263 241 226 222 219 213 201 181 167 155 142 124 114 103 87 76 65 56 43 28 29 29 25 27 29 39 46 55 66 79 90 101 119 131 148 168 191 215 238 262 279 300 326 353 393 427 462 519 554 599 633 665 698 727 753 787 799 815 821 825 835 859 880 923 961 1014 1030 1035 1036 1032 1024 1014 1002 992 983
504 502 502 509 501 478 461 439 420 410 410 417 410 410 409 388 367 323 294 266 248 231 224 218 212 202 190 177 165 154 138 124 114 100 88 73 59 50 27 30 31 25 27 30 36 42 49 60 71 85 99 114 127 143 163 181 204 228 250 267 278 306 354 389 428 472 523 558 603 637 670 693 736 775 797 825 853 859 855 862 873 901 934 975 1011 1019 1019 1016 997 980 973 967 957 949
487 488 494 501 487 467 448 425 412 407 419 420 407 397 390 379 357 322 297 269 254 242 229 227 225 220 207 188 176 170 158 140 125 119 99 87 71 53 33 29 29 26 26 31 36 40 46 58 67 82 97 110 124 140 158 177 195 214 240 264 279 323 358 386 430 473 523 556 586 622 654 684 722 764 795 836 879 890 898 896 904 925 960 1000 1006 1006 1000 985 965 945 933 926 922 915
480 484 485 479 459 444 430 418 399 400 410 410 404 381 374 365 346 319 299 271 258 249 246 256 253 242 226 211 191 187 183 172 144 128 113 99 78 54 38 32 32 31 26 31 36 40 46 53 64 78 92 105 122 138 153 171 190 210 234 260 285 324 350 386 428 467 513 535 560 609 653 691 726 780 800 830 877 913 929 933 935 960 981 998 994 988 974 956 933 916 900 894 886 879
480 480 470 452 437 427 422 408 394 399 407 408 402 387 375 361 344 323 299 274 263 257 262 271 270 267 252 233 226 223 212 193 176 150 125 106 81 59 41 40 38 30 26 29 34 39 45 52 61 75 87 103 118 131 145 161 180 199 224 247 280 313 341 383 421 458 465 513 563 611 645 709 749 759 784 823 853 902 928 958 974 985 987 991 978 967 949 919 897 883 875 867 855 848
474 460 445 428 419 417 409 394 390 398 405 411 401 392 383 365 343 320 294 276 265 264 270 277 283 284 276 273 266 258 248 225 191 171 139 113 90 68 47 42 50 30 26 27 32 39 44 51 58 70 83 93 107 120 137 152 171 188 211 238 269 296 331 367 404 417 456 520 571 618 661 716 741 720 760 798 836 878 918 953 980 990 989 980 967 949 921 891 877 870 844 834 828 821
455 438 423 415 410 411 401 387 391 402 408 404 393 393 391 362 338 313 290 274 267 271 281 283 290 292 291 294 291 280 262 230 201 179 150 121 96 74 56 41 46 29 26 27 30 36 42 49 55 64 76 85 97 112 128 145 163 181 201 226 253 287 323 350 390 422 467 530 576 616 658 688 688 698 741 792 826 868 903 942 972 988 988 977 959 926 899 876 866 852 833 815 811 806
432 421 413 408 404 397 392 389 396 404 402 384 388 392 385 357 331 310 289 273 265 279 289 286 291 298 307 310 297 279 261 227 203 178 151 125 103 85 68 49 37 32 26 26 28 31 38 45 52 57 65 77 91 104 120 139 155 174 191 217 238 277 312 340 385 425 469 535 574 600 622 631 634 701 736 781 819 848 892 938 970 985 987 977 948 921 888 864 845 838 826 812 808 801
414 402 397 394 394 392 389 390 399 400 383 377 387 390 378 350 326 305 287 271 261 272 276 279 285 295 308 310 295 276 254 224 196 174 151 127 113 96 73 54 39 33 27 27 28 31 35 40 48 52 57 66 83 99 110 127 147 167 185 205 227 271 301 334 376 412 470 523 549 573 563 591 597 676 728 783 814 854 896 937 972 991 995 978 946 922 884 858 840 834 826 817 813 811
386 382 388 387 402 390 389 395 402 388 375 377 389 377 364 342 321 297 284 271 258 256 265 273 282 297 309 308 293 275 251 220 193 171 153 136 121 103 78 55 43 35 28 27 29 31 34 38 42 46 50 59 72 92 105 120 140 159 175 200 221 262 293 331 370 406 452 475 493 503 541 582 617 694 728 780 807 843 891 936 966 989 1000 991 957 925 894 869 853 845 843 833 827 821
372 377 382 381 374 374 388 398 402 380 375 380 376 364 346 330 309 290 279 269 255 250 257 266 286 308 322 309 293 272 249 218 193 169 155 143 128 107 83 57 46 38 31 27 27 30 32 35 39 41 48 58 69 83 97 113 134 153 168 191 217 251 284 324 355 380 392 433 494 536 569 597 644 687 727 775 806 844 889 933 960 983 999 1003 972 943 922 889 873 863 855 846 838 823
366 372 370 359 360 367 382 389 381 370 375 383 367 348 331 314 293 282 273 260 249 247 252 265 288 308 320 324 293 271 247 221 196 174 158 146 127 109 88 63 50 40 34 30 27 28 30 32 36 39 45 55 65 77 89 106 129 148 162 179 210 240 276 302 329 374 421 464 522 559 577 610 653 702 737 785 809 849 896 925 946 974 995 1004 986 960 938 911 892 879 871 866 857 830
357 352 340 350 358 370 374 366 360 370 368 370 355 332 315 297 281 275 261 251 245 243 247 265 290 312 331 335 296 272 249 222 202 183 163 145 121 109 93 71 53 44 39 39 29 29 28 30 33 37 42 52 61 70 83 99 120 141 154 172 203 229 266 292 326 374 422 462 514 542 567 605 649 688 725 766 796 827 868 894 929 968 994 1011 1003 975 947 924 907 896 893 887 873 850
337 323 333 345 358 368 363 357 370 365 358 352 334 316 300 280 271 260 252 241 240 239 243 263 295 317 337 330 302 275 252 227 212 196 169 146 128 114 97 77 54 47 43 40 34 30 29 28 30 33 39 48 61 67 76 91 110 132 146 163 189 220 251 285 324 350 398 450 478 497 553 596 635 672 701 745 784 805 839 882 925 960 990 1010 1013 995 971 944 935 932 931 923 895 867
302 318 331 351 353 356 348 357 361 354 342 331 316 298 278 265 256 251 241 231 232 232 238 259 298 312 317 316 302 275 252 237 226 202 173 152 138 120 103 84 63 51 47 43 41 29 30 30 29 30 37 51 61 59 70 83 101 122 137 149 175 205 234 275 311 363 393 432 446 486 546 577 609 661 692 733 774 798 833 874 913 945 975 994 1001 1000 990 975 964 960 954 934 909 873
296 314 329 339 347 340 349 352 349 337 328 314 295 277 262 249 246 242 229 224 223 226 241 270 293 304 311 311 295 275 258 252 230 199 180 161 147 126 111 94 72 59 51 46 41 30 30 30 30 29 31 45 52 57 66 80 98 112 127 142 164 191 223 265 298 339 375 403 443 478 531 567 606 651 700 741 776 797 823 847 887 926 952 973 977 979 977 966 956 935 923 912 903 874
292 305 312 322 330 341 340 338 330 324 309 291 275 255 245 241 235 227 224 220 216 223 254 277 290 299 298 296 288 276 262 250 227 208 197 177 160 140 121 101 84 65 55 49 42 38 34 30 30 30 32 39 46 54 67 79 93 107 119 136 156 180 216 258 287 325 364 401 444 479 523 566 610 643 694 725 751 789 811 832 874 913 930 940 936 941 940 927 907 886 880 878 880 862
287 296 306 316 329 329 323 322 317 301 287 273 256 245 238 230 222 219 220 208 210 226 257 272 282 290 291 288 284 278 267 246 233 223 214 203 178 155 131 111 93 74 60 53 47 40 37 33 31 30 31 36 42 51 63 73 84 98 110 127 149 173 206 243 277 314 349 395 441 480 520 565 608 633 667 688 725 772 797 836 869 893 909 902 895 900 895 885 872 852 839 840 855 833
284 297 303 311 322 318 314 309 296 283 270 258 248 241 234 227 213 209 203 198 206 223 253 262 270 281 278 274 280 274 269 271 269 245 232 216 192 161 146 122 102 82 67 54 47 41 38 34 32 31 31 34 40 50 59 66 76 87 98 118 141 165 193 228 269 299 337 386 428 474 513 549 587 602 637 676 720 782 799 836 865 877 871 861 851 852 856 848 829 816 799 802 822 798
284 291 299 303 305 303 300 292 279 265 256 251 242 233 228 220 206 200 197 193 203 218 240 250 260 268 269 270 275 278 291 301 294 275 244 223 200 175 163 139 112 93 74 60 50 41 37 35 33 32 31 32 37 47 52 58 67 81 93 108 132 154 181 214 256 285 325 369 416 458 502 533 545 580 627 666 721 780 798 825 846 842 829 823 819 821 821 814 802 791 781 787 794 789
279 280 287 291 289 288 285 279 265 254 249 241 230 223 219 208 199 194 195 194 200 215 230 243 258 260 266 273 282 295 321 319 307 290 262 231 210 200 176 156 123 102 80 69 55 45 38 36 34 32 31 31 35 39 45 51 62 74 85 99 122 145 172 202 233 272 306 355 393 445 496 519 527 559 619 654 717 755 788 805 817 804 792 794 793 793 790 789 785 747 722 744 762 740
266 267 273 279 276 271 266 264 259 245 233 226 221 214 207 199 196 195 195 195 201 215 228 240 256 272 288 314 323 328 334 332 323 312 278 247 229 212 193 163 136 108 90 76 62 50 40 37 35 33 32 32 34 36 39 46 58 65 75 90 110 139 160 187 216 253 293 348 383 435 476 492 520 550 596 642 691 724 760 789 795 788 754 762 762 775 752 740 737 710 686 706 710 696
252 257 261 265 264 257 257 254 247 233 219 213 208 201 196 195 195 196 199 201 208 220 240 257 276 296 326 345 355 355 348 340 343 328 295 264 241 224 204 170 149 117 98 85 72 56 44 38 36 34 33 32 32 34 37 39 46 53 63 80 97 129 153 174 204 234 285 336 375 422 446 478 513 540 576 624 664 694 723 747 759 737 719 709 706 724 707 693 693 673 645 667 661 648
238 244 252 257 257 247 252 248 234 219 206 201 197 193 194 194 195 200 206 210 224 243 261 282 298 328 350 370 376 372 358 353 362 338 304 274 256 234 212 179 155 128 106 90 78 62 48 40 38 35 34 32 32 33 35 37 40 46 55 72 94 120 145 167 195 223 271 320 351 391 425 465 503 529 569 602 636 662 687 712 712 704 685 675 678 689 678 658 651 630 623 622 618 608
